# enum members
# 0: SAKI
# 1: IBUKI
# 2: TOWA
# 3: NOA
# -1: OTHERS
#
# enum titles
# 0: [TOWA, IBUKI]
# 1: [IBUKI, NOA, SAKI]
#
# result:
# n y x policy value
#   n: num of hand
#   y: title state so far in bit fashion
#   x: member state of hand in bit fashion

0 3 0 DRAW 0
2 0 0 RESET -96.36871088046311
2 0 1 DRAW -94.98546479854156
2 0 2 DRAW -93.54889493487957
2 0 3 DRAW -77.93352245071858
2 0 4 RESET -96.36948298331512
2 0 5 DRAW -92.5377437841502
2 0 8 DRAW -94.98546479854156
2 0 9 DRAW -79.53107254955823
2 0 10 DRAW -77.93352245071858
2 0 12 DRAW -92.53774378415017
2 1 0 RESET -88.81210015898773
2 1 1 DRAW -86.88589940597417
2 1 2 DRAW -86.88589940597417
2 1 3 DRAW -67.99622862563317
2 1 4 RESET -88.81286373667095
2 1 5 DRAW -86.88589940597414
2 1 6 DRAW -86.88589940597414
2 1 8 DRAW -86.88589940597417
2 1 9 DRAW -67.99622862563317
2 1 10 DRAW -67.99622862563317
2 1 12 DRAW -86.88589940597414
2 2 0 RESET -27.286195226287088
2 2 1 RESET -27.286195226303732
2 2 2 DRAW -23.454903584681
2 2 3 DRAW -23.45490358468099
2 2 4 DRAW -23.454903584681
2 2 5 DRAW -23.45490358468099
2 2 8 RESET -27.28619522631101
2 2 9 RESET -27.28619522631352
2 2 10 DRAW -23.45490358468099
2 2 12 DRAW -23.45490358468099
3 0 0 RESET -96.36969445774344
3 0 1 DRAW -95.79822562165182
3 0 2 DRAW -94.59101804929426
3 0 3 DRAW -80.93701117332027
3 0 4 RESET -96.36969445774344
3 0 5 DRAW -93.90533750997938
3 0 8 DRAW -95.79822562165182
3 0 9 DRAW -82.35559238509204
3 0 10 DRAW -80.93701117332027
3 0 12 DRAW -93.90533750997938
3 0 13 DRAW -77.09338281381798
3 1 0 RESET -88.81307292705793
3 1 1 DRAW -87.87959250941007
3 1 2 DRAW -87.87959250941007
3 1 3 DRAW -71.27336584227876
3 1 4 RESET -88.81307292705793
3 1 5 DRAW -87.87959250941006
3 1 6 DRAW -87.87959250941006
3 1 7 DRAW -71.27336584227876
3 1 8 DRAW -87.87959250941007
3 1 9 DRAW -71.27336584227876
3 1 10 DRAW -71.27336584227876
3 1 12 DRAW -87.87959250941006
3 1 13 DRAW -71.27336584227876
3 1 14 DRAW -71.27336584227876
3 2 0 RESET -27.286195226314028
3 2 1 RESET -27.286195226314028
3 2 2 DRAW -23.88819530287617
3 2 3 DRAW -23.88819530287617
3 2 4 DRAW -23.88819530287617
3 2 5 DRAW -23.88819530287617
3 2 8 RESET -27.286195226314028
3 2 9 RESET -27.286195226314028
3 2 10 DRAW -23.88819530287617
3 2 11 DRAW -23.88819530287617
3 2 12 DRAW -23.88819530287617
3 2 13 DRAW -23.88819530287617
4 0 0 RESET -96.36969445774344
4 0 1 DRAW -96.2905442659147
4 0 2 DRAW -95.38306852395081
4 0 3 DRAW -84.16830783382228
4 0 4 RESET -96.36969445774344
4 0 5 DRAW -94.99225055911981
4 0 8 DRAW -96.2905442659147
4 0 9 DRAW -85.3523032858621
4 0 10 DRAW -84.16830783382228
4 0 12 DRAW -94.9922505591198
4 0 13 DRAW -81.05682519479126
4 1 0 RESET -88.81307292705793
4 1 1 DRAW -88.55821867544584
4 1 2 DRAW -88.55821867544584
4 1 3 DRAW -74.85723277248685
4 1 4 RESET -88.81307292705793
4 1 5 DRAW -88.55821867544584
4 1 6 DRAW -88.55821867544584
4 1 7 DRAW -74.85723277248684
4 1 8 DRAW -88.55821867544584
4 1 9 DRAW -74.85723277248685
4 1 10 DRAW -74.85723277248685
4 1 12 DRAW -88.55821867544584
4 1 13 DRAW -74.85723277248684
4 1 14 DRAW -74.85723277248684
4 2 0 RESET -27.286195226314028
4 2 1 RESET -27.286195226314028
4 2 2 DRAW -24.380903692218563
4 2 3 DRAW -24.380903692218563
4 2 4 DRAW -24.380903692218563
4 2 5 DRAW -24.380903692218563
4 2 8 RESET -27.286195226314028
4 2 9 RESET -27.286195226314028
4 2 10 DRAW -24.380903692218563
4 2 11 DRAW -24.380903692218563
4 2 12 DRAW -24.380903692218563
4 2 13 DRAW -24.380903692218563
5 0 0 RESET -96.36969445774344
5 0 1 RESET -96.36969445774344
5 0 2 DRAW -95.8498532594763
5 0 3 DRAW -87.64174666098464
5 0 4 RESET -96.36969445774344
5 0 5 DRAW -95.69391777331228
5 0 8 RESET -96.36969445774344
5 0 9 DRAW -88.5225356997505
5 0 10 DRAW -87.64174666098462
5 0 12 DRAW -95.69391777331228
5 0 13 DRAW -85.39482006745432
5 1 0 RESET -88.81307292705793
5 1 1 RESET -88.81307292705793
5 1 2 RESET -88.81307292705793
5 1 3 DRAW -78.78191188751379
5 1 4 RESET -88.81307292705793
5 1 5 RESET -88.81307292705793
5 1 6 RESET -88.81307292705793
5 1 7 DRAW -78.78191188751379
5 1 8 RESET -88.81307292705793
5 1 9 DRAW -78.7819118875138
5 1 10 DRAW -78.7819118875138
5 1 12 RESET -88.81307292705793
5 1 13 DRAW -78.78191188751379
5 1 14 DRAW -78.78191188751379
5 2 0 RESET -27.286195226314028
5 2 1 RESET -27.286195226314028
5 2 2 DRAW -24.939630605057896
5 2 3 DRAW -24.939630605057896
5 2 4 DRAW -24.939630605057896
5 2 5 DRAW -24.939630605057896
5 2 8 RESET -27.286195226314028
5 2 9 RESET -27.286195226314028
5 2 10 DRAW -24.939630605057896
5 2 11 DRAW -24.939630605057896
5 2 12 DRAW -24.939630605057896
5 2 13 DRAW -24.939630605057896
6 0 0 DRAW -96.36969445774344
6 0 1 DRAW -96.36969445774344
6 0 2 DRAW -95.87687131443784
6 0 3 DRAW -91.37142571238813
6 0 4 DRAW -95.87687131443784
6 0 5 DRAW -95.87687131443786
6 0 8 DRAW -96.36969445774344
6 0 9 DRAW -91.8642488556937
6 0 10 DRAW -91.37142571238812
6 0 12 DRAW -95.87687131443784
6 0 13 DRAW -90.1499317757167
6 1 0 DRAW -88.81307292705793
6 1 1 DRAW -88.81307292705793
6 1 2 DRAW -88.81307292705793
6 1 3 DRAW -83.08613338833675
6 1 4 DRAW -88.81307292705793
6 1 5 DRAW -88.81307292705793
6 1 6 DRAW -88.81307292705793
6 1 7 DRAW -83.08613338833675
6 1 8 DRAW -88.81307292705793
6 1 9 DRAW -83.08613338833675
6 1 10 DRAW -83.08613338833675
6 1 12 DRAW -88.81307292705793
6 1 13 DRAW -83.08613338833675
6 1 14 DRAW -83.08613338833675
6 2 0 DRAW -27.286195226314025
6 2 1 DRAW -27.286195226314028
6 2 2 DRAW -25.571878146337028
6 2 3 DRAW -25.571878146337028
6 2 4 DRAW -25.571878146337028
6 2 5 DRAW -25.571878146337028
6 2 8 DRAW -27.286195226314028
6 2 9 DRAW -27.286195226314028
6 2 10 DRAW -25.571878146337028
6 2 11 DRAW -25.571878146337028
6 2 12 DRAW -25.571878146337028
6 2 13 DRAW -25.571878146337028
