# enum members
# 0: KYOKO
# 1: SHINOBU
# 2: YUKA
# 3: ESORA
# -1: OTHERS
#
# enum titles
# 0: [SHINOBU, KYOKO]
# 1: [ESORA, YUKA]
#
# result:
# n y x policy value
#   n: num of hand
#   y: title state so far in bit fashion
#   x: member state of hand in bit fashion

0 3 0 DRAW 0
2 0 0 RESET -43.035427074562094
2 0 1 DRAW -41.31786951231664
2 0 2 DRAW -41.31786951231664
2 0 4 DRAW -41.31818873429485
2 0 5 DRAW -37.586246434179486
2 0 6 DRAW -37.586246434179486
2 0 8 DRAW -41.31818873429485
2 0 9 DRAW -37.586246434179486
2 0 10 DRAW -37.586246434179486
2 1 0 RESET -27.27808514251535
2 1 1 RESET -27.27832269669826
2 1 2 RESET -27.278359059903153
2 1 3 RESET -27.278395255146457
2 1 4 DRAW -23.448110528055686
2 1 5 DRAW -23.448110528055686
2 1 6 DRAW -23.448110528055686
2 1 8 DRAW -23.448110528055686
2 1 9 DRAW -23.448110528055686
2 1 10 DRAW -23.448110528055686
2 2 0 RESET -27.279472554023684
2 2 1 DRAW -23.44925285583815
2 2 2 DRAW -23.44925285583815
2 2 4 RESET -27.279727812026174
2 2 5 DRAW -23.449252855838147
2 2 6 DRAW -23.449252855838147
2 2 8 RESET -27.279762335230078
2 2 9 DRAW -23.449252855838147
2 2 10 DRAW -23.449252855838147
2 2 12 RESET -27.27979669504019
3 0 0 RESET -43.03637409201131
3 0 1 DRAW -41.56547696117618
3 0 2 DRAW -41.56547696117618
3 0 4 DRAW -41.5657526623622
3 0 5 DRAW -38.319495130202235
3 0 6 DRAW -38.319495130202235
3 0 8 DRAW -41.5657526623622
3 0 9 DRAW -38.319495130202235
3 0 10 DRAW -38.319495130202235
3 1 0 RESET -27.278469829134213
3 1 1 RESET -27.278469829134213
3 1 2 RESET -27.278469829134213
3 1 3 RESET -27.278469829134213
3 1 4 DRAW -23.88131142974582
3 1 5 DRAW -23.881311429745818
3 1 6 DRAW -23.881311429745818
3 1 7 DRAW -23.881311429745818
3 1 8 DRAW -23.88131142974582
3 1 9 DRAW -23.881311429745818
3 1 10 DRAW -23.881311429745818
3 1 11 DRAW -23.881311429745818
3 2 0 RESET -27.279798910899476
3 2 1 DRAW -23.882475717513863
3 2 2 DRAW -23.882475717513863
3 2 4 RESET -27.279798910899476
3 2 5 DRAW -23.882475717513863
3 2 6 DRAW -23.882475717513863
3 2 8 RESET -27.279798910899476
3 2 9 DRAW -23.882475717513863
3 2 10 DRAW -23.882475717513863
3 2 12 RESET -27.279798910899476
3 2 13 DRAW -23.88247571751386
3 2 14 DRAW -23.88247571751386
4 0 0 RESET -43.03637409201131
4 0 1 DRAW -41.77889722601645
4 0 2 DRAW -41.77889722601645
4 0 4 DRAW -41.77912109381289
4 0 5 DRAW -39.12663287367458
4 0 6 DRAW -39.12663287367458
4 0 8 DRAW -41.77912109381289
4 0 9 DRAW -39.12663287367458
4 0 10 DRAW -39.12663287367458
4 1 0 RESET -27.278469829134213
4 1 1 RESET -27.278469829134213
4 1 2 RESET -27.278469829134213
4 1 3 RESET -27.278469829134213
4 1 4 DRAW -24.37391868945066
4 1 5 DRAW -24.373918689450658
4 1 6 DRAW -24.373918689450658
4 1 7 DRAW -24.373918689450655
4 1 8 DRAW -24.37391868945066
4 1 9 DRAW -24.373918689450658
4 1 10 DRAW -24.373918689450658
4 1 11 DRAW -24.373918689450655
4 2 0 RESET -27.279798910899476
4 2 1 DRAW -24.375106860055016
4 2 2 DRAW -24.375106860055016
4 2 4 RESET -27.279798910899476
4 2 5 DRAW -24.375106860055013
4 2 6 DRAW -24.375106860055013
4 2 8 RESET -27.279798910899476
4 2 9 DRAW -24.375106860055013
4 2 10 DRAW -24.375106860055013
4 2 12 RESET -27.279798910899476
4 2 13 DRAW -24.375106860055016
4 2 14 DRAW -24.375106860055016
5 0 0 RESET -43.03637409201131
5 0 1 DRAW -41.93640325262763
5 0 2 DRAW -41.93640325262763
5 0 4 DRAW -41.93656496756755
5 0 5 DRAW -40.012305708515115
5 0 6 DRAW -40.012305708515115
5 0 8 DRAW -41.93656496756755
5 0 9 DRAW -40.012305708515115
5 0 10 DRAW -40.012305708515115
5 1 0 RESET -27.278469829134213
5 1 1 RESET -27.278469829134213
5 1 2 RESET -27.278469829134213
5 1 3 RESET -27.278469829134213
5 1 4 DRAW -24.93253334395886
5 1 5 DRAW -24.93253334395886
5 1 6 DRAW -24.93253334395886
5 1 7 DRAW -24.932533343958855
5 1 8 DRAW -24.93253334395886
5 1 9 DRAW -24.93253334395886
5 1 10 DRAW -24.93253334395886
5 1 11 DRAW -24.932533343958855
5 2 0 RESET -27.279798910899476
5 2 1 DRAW -24.93374748946013
5 2 2 DRAW -24.93374748946013
5 2 4 RESET -27.279798910899476
5 2 5 DRAW -24.93374748946013
5 2 6 DRAW -24.93374748946013
5 2 8 RESET -27.279798910899476
5 2 9 DRAW -24.93374748946013
5 2 10 DRAW -24.93374748946013
5 2 12 RESET -27.279798910899476
5 2 13 DRAW -24.93374748946013
5 2 14 DRAW -24.93374748946013
6 0 0 DRAW -43.0363740920113
6 0 1 DRAW -42.008684683562805
6 0 2 DRAW -42.008684683562805
6 0 4 DRAW -42.008771362808346
6 0 5 DRAW -40.98108195435985
6 0 6 DRAW -40.98108195435985
6 0 8 DRAW -42.008771362808346
6 0 9 DRAW -40.98108195435985
6 0 10 DRAW -40.98108195435985
6 1 0 DRAW -27.27846982913421
6 1 1 DRAW -27.278469829134213
6 1 2 DRAW -27.278469829134213
6 1 3 DRAW -27.278469829134213
6 1 4 DRAW -25.564656579408066
6 1 5 DRAW -25.564656579408066
6 1 6 DRAW -25.564656579408066
6 1 7 DRAW -25.564656579408066
6 1 8 DRAW -25.564656579408066
6 1 9 DRAW -25.564656579408066
6 1 10 DRAW -25.564656579408066
6 1 11 DRAW -25.564656579408066
6 2 0 DRAW -27.279798910899476
6 2 1 DRAW -25.565898981927774
6 2 2 DRAW -25.565898981927774
6 2 4 DRAW -27.279798910899476
6 2 5 DRAW -25.565898981927774
6 2 6 DRAW -25.565898981927774
6 2 8 DRAW -27.279798910899476
6 2 9 DRAW -25.565898981927774
6 2 10 DRAW -25.565898981927774
6 2 12 DRAW -27.279798910899476
6 2 13 DRAW -25.565898981927774
6 2 14 DRAW -25.565898981927774
