# enum members
# 0: Shinobu
# 1: Nagisa
# 2: Hiiro
# 3: Miiko
# 4: Kurumi
# 5: Haruna
# -1: OTHERS
#
# enum titles
# 0: [Hiiro, Shinobu]
# 1: [Miiko, Nagisa]
# 2: [Kurumi, Miiko, Haruna]
#
# result:
# n y x policy value
#   n: num of hand
#   y: title state so far in bit fashion
#   x: member state of hand in bit fashion

0 7 0 DRAW 0
2 0 0 RESET -177.33965051455044
2 0 1 RESET -177.34012432418086
2 0 2 RESET -177.3402074899693
2 0 3 DRAW -177.33874693196864
2 0 4 RESET -177.3402973618685
2 0 6 DRAW -177.33874693196864
2 0 8 DRAW -175.68632208761312
2 0 9 DRAW -174.22503315364082
2 0 12 DRAW -174.22503315364082
2 0 16 DRAW -174.53200501014672
2 0 17 DRAW -173.10866613665976
2 0 18 DRAW -173.36861215105898
2 0 20 DRAW -173.10866613665976
2 0 24 DRAW -153.5174400852572
2 0 32 DRAW -174.53200501014672
2 0 33 DRAW -173.10866613665976
2 0 34 DRAW -173.36861215105898
2 0 36 DRAW -173.10866613665976
2 0 40 DRAW -153.5174400852572
2 0 48 DRAW -142.68325682047416
2 1 0 RESET -170.8099622463403
2 1 1 RESET -170.8104336156904
2 1 2 RESET -170.81051635314685
2 1 3 RESET -170.81059903560515
2 1 4 RESET -170.8106057351319
2 1 5 RESET -170.8106883581752
2 1 6 RESET -170.81069505288772
2 1 8 DRAW -168.90011779995467
2 1 9 DRAW -168.90011779995467
2 1 12 DRAW -168.90011779995467
2 1 16 DRAW -167.83335448445465
2 1 17 DRAW -167.83335448445467
2 1 18 DRAW -166.0884739345109
2 1 20 DRAW -167.83335448445467
2 1 24 DRAW -144.94199531966018
2 1 32 DRAW -167.83335448445465
2 1 33 DRAW -167.83335448445467
2 1 34 DRAW -166.0884739345109
2 1 36 DRAW -167.83335448445467
2 1 40 DRAW -144.94199531966018
2 1 48 DRAW -133.42504601096542
2 2 0 RESET -173.79471192362954
2 2 1 RESET -173.79518362007343
2 2 2 RESET -173.79526641494323
2 2 3 RESET -173.79534915477672
2 2 4 RESET -173.79535585895243
2 2 6 RESET -173.79543853932972
2 2 8 DRAW -172.57183359412005
2 2 9 DRAW -170.98632501979057
2 2 10 DRAW -172.57183359412005
2 2 12 DRAW -170.98632501979057
2 2 16 DRAW -170.67722315245388
2 2 17 DRAW -168.9504045327895
2 2 18 DRAW -170.67722315245385
2 2 20 DRAW -168.9504045327895
2 2 24 DRAW -148.88068977535315
2 2 32 DRAW -170.67722315245388
2 2 33 DRAW -168.9504045327895
2 2 34 DRAW -170.67722315245385
2 2 36 DRAW -168.9504045327895
2 2 40 DRAW -148.88068977535315
2 2 48 DRAW -136.40501976484072
2 3 0 RESET -165.98937279695554
2 3 1 RESET -165.9898407883653
2 3 2 RESET -165.98992293290627
2 3 3 RESET -165.99000502284318
2 3 4 RESET -165.9900116743596
2 3 5 RESET -165.99009370530734
2 3 6 RESET -165.990100352044
2 3 8 DRAW -164.59967909072822
2 3 9 DRAW -164.5996790907282
2 3 10 DRAW -164.5996790907282
2 3 12 DRAW -164.5996790907282
2 3 16 DRAW -162.53820538927596
2 3 17 DRAW -162.53820538927596
2 3 18 DRAW -162.53820538927596
2 3 20 DRAW -162.53820538927596
2 3 24 DRAW -137.9441063637198
2 3 32 DRAW -162.53820538927596
2 3 33 DRAW -162.53820538927596
2 3 34 DRAW -162.53820538927596
2 3 36 DRAW -162.53820538927596
2 3 40 DRAW -137.9441063637198
2 3 48 DRAW -123.87101705287314
2 4 0 RESET -43.05520590880997
2 4 1 DRAW -41.33604143619428
2 4 2 DRAW -41.336041436194286
2 4 3 DRAW -37.6016257088719
2 4 4 DRAW -41.33604143619428
2 4 6 DRAW -37.6016257088719
2 4 8 DRAW -41.336041436194286
2 4 9 DRAW -37.6016257088719
2 4 12 DRAW -37.6016257088719
2 4 16 RESET -43.05520590880997
2 4 17 DRAW -41.33604143619428
2 4 18 DRAW -41.33604143619428
2 4 20 DRAW -41.336041436194286
2 4 24 DRAW -41.33604143619428
2 4 32 RESET -43.05520590880997
2 4 33 DRAW -41.33604143619428
2 4 34 DRAW -41.33604143619428
2 4 36 DRAW -41.336041436194286
2 4 40 DRAW -41.33604143619428
2 4 48 RESET -43.05520590880997
2 5 0 RESET -27.286195226848
2 5 1 RESET -27.286195226848
2 5 2 DRAW -23.454903585151694
2 5 3 DRAW -23.454903585151698
2 5 4 RESET -27.286195226848
2 5 5 RESET -27.286195226848
2 5 6 DRAW -23.454903585151698
2 5 8 DRAW -23.454903585151694
2 5 9 DRAW -23.454903585151698
2 5 12 DRAW -23.454903585151698
2 5 16 RESET -27.286195226848
2 5 17 RESET -27.286195226848
2 5 18 DRAW -23.454903585151698
2 5 20 RESET -27.286195226848
2 5 24 DRAW -23.454903585151698
2 5 32 RESET -27.286195226848
2 5 33 RESET -27.286195226848
2 5 34 DRAW -23.454903585151698
2 5 36 RESET -27.286195226848
2 5 40 DRAW -23.454903585151698
2 5 48 RESET -27.286195226848
2 6 0 RESET -27.28619522684803
2 6 1 DRAW -23.454903585151715
2 6 2 RESET -27.28619522684803
2 6 3 DRAW -23.454903585151715
2 6 4 DRAW -23.454903585151715
2 6 6 DRAW -23.454903585151715
2 6 8 RESET -27.28619522684803
2 6 9 DRAW -23.454903585151715
2 6 10 RESET -27.28619522684803
2 6 12 DRAW -23.454903585151715
2 6 16 RESET -27.28619522684803
2 6 17 DRAW -23.454903585151715
2 6 18 RESET -27.28619522684803
2 6 20 DRAW -23.454903585151715
2 6 24 RESET -27.28619522684803
2 6 32 RESET -27.28619522684803
2 6 33 DRAW -23.454903585151715
2 6 34 RESET -27.28619522684803
2 6 36 DRAW -23.454903585151715
2 6 40 RESET -27.28619522684803
2 6 48 RESET -27.28619522684803
3 0 0 RESET -177.34063991434425
3 0 1 RESET -177.34063991434425
3 0 2 RESET -177.34063991434425
3 0 3 RESET -177.34063991434425
3 0 4 RESET -177.34063991434425
3 0 6 RESET -177.34063991434425
3 0 8 DRAW -176.54502360511765
3 0 9 DRAW -175.2862250264372
3 0 12 DRAW -175.2862250264372
3 0 16 DRAW -175.9270579905268
3 0 17 DRAW -174.73161518745994
3 0 18 DRAW -175.03044794690535
3 0 19 DRAW -173.69737717492018
3 0 20 DRAW -174.7316151874599
3 0 22 DRAW -173.69737717492018
3 0 24 DRAW -157.61158034437824
3 0 25 DRAW -156.079442410947
3 0 28 DRAW -156.079442410947
3 0 32 DRAW -175.9270579905268
3 0 33 DRAW -174.73161518745994
3 0 34 DRAW -175.03044794690535
3 0 35 DRAW -173.69737717492018
3 0 36 DRAW -174.7316151874599
3 0 38 DRAW -173.69737717492018
3 0 40 DRAW -157.61158034437824
3 0 41 DRAW -156.079442410947
3 0 44 DRAW -156.079442410947
3 0 48 DRAW -148.47935883141605
3 0 49 DRAW -146.86628614313636
3 0 50 DRAW -145.34501343473937
3 0 52 DRAW -146.86628614313634
3 1 0 RESET -170.81094655038982
3 1 1 RESET -170.81094655038982
3 1 2 RESET -170.81094655038982
3 1 3 RESET -170.81094655038982
3 1 4 RESET -170.81094655038982
3 1 5 RESET -170.81094655038982
3 1 6 RESET -170.81094655038982
3 1 7 RESET -170.81094655038982
3 1 8 DRAW -169.79834349622593
3 1 9 DRAW -169.7983434962259
3 1 12 DRAW -169.7983434962259
3 1 13 DRAW -169.7983434962259
3 1 16 DRAW -169.29519651396302
3 1 17 DRAW -169.29519651396305
3 1 18 DRAW -167.94809206254604
3 1 19 DRAW -167.94809206254604
3 1 20 DRAW -169.29519651396305
3 1 21 DRAW -169.29519651396308
3 1 22 DRAW -167.94809206254604
3 1 24 DRAW -149.3646924673754
3 1 25 DRAW -149.3646924673754
3 1 28 DRAW -149.3646924673754
3 1 32 DRAW -169.29519651396302
3 1 33 DRAW -169.29519651396305
3 1 34 DRAW -167.94809206254604
3 1 35 DRAW -167.94809206254604
3 1 36 DRAW -169.29519651396305
3 1 37 DRAW -169.29519651396308
3 1 38 DRAW -167.94809206254604
3 1 40 DRAW -149.3646924673754
3 1 41 DRAW -149.3646924673754
3 1 44 DRAW -149.3646924673754
3 1 48 DRAW -139.68959212187895
3 1 49 DRAW -139.68959212187895
3 1 50 DRAW -134.4273825504887
3 1 52 DRAW -139.68959212187895
3 2 0 RESET -173.7956969107095
3 2 1 RESET -173.7956969107095
3 2 2 RESET -173.7956969107095
3 2 3 RESET -173.7956969107095
3 2 4 RESET -173.7956969107095
3 2 6 RESET -173.7956969107095
3 2 8 DRAW -173.34516387269403
3 2 9 DRAW -172.04627273274102
3 2 10 DRAW -173.345163872694
3 2 11 DRAW -172.04627273274096
3 2 12 DRAW -172.04627273274102
3 2 14 DRAW -172.04627273274096
3 2 16 DRAW -172.18060840160862
3 2 17 DRAW -170.71870947860717
3 2 18 DRAW -172.18060840160862
3 2 19 DRAW -170.7187094786071
3 2 20 DRAW -170.7187094786071
3 2 22 DRAW -170.7187094786071
3 2 24 DRAW -153.13906038140462
3 2 25 DRAW -151.2770495336913
3 2 26 DRAW -153.13906038140462
3 2 28 DRAW -151.27704953369127
3 2 32 DRAW -172.18060840160862
3 2 33 DRAW -170.71870947860717
3 2 34 DRAW -172.18060840160862
3 2 35 DRAW -170.7187094786071
3 2 36 DRAW -170.7187094786071
3 2 38 DRAW -170.7187094786071
3 2 40 DRAW -153.13906038140462
3 2 41 DRAW -151.2770495336913
3 2 42 DRAW -153.13906038140462
3 2 44 DRAW -151.27704953369127
3 2 48 DRAW -142.5680496562178
3 2 49 DRAW -140.52314292306914
3 2 50 DRAW -142.5680496562178
3 2 52 DRAW -140.52314292306912
3 3 0 RESET -165.99035004725764
3 3 1 RESET -165.99035004725764
3 3 2 RESET -165.99035004725764
3 3 3 RESET -165.99035004725764
3 3 4 RESET -165.99035004725764
3 3 5 RESET -165.99035004725764
3 3 6 RESET -165.99035004725764
3 3 7 RESET -165.99035004725764
3 3 8 DRAW -165.42235831967542
3 3 9 DRAW -165.42235831967542
3 3 10 DRAW -165.42235831967542
3 3 11 DRAW -165.4223583196754
3 3 12 DRAW -165.42235831967542
3 3 13 DRAW -165.4223583196754
3 3 14 DRAW -165.4223583196754
3 3 16 DRAW -164.16835327810875
3 3 17 DRAW -164.16835327810875
3 3 18 DRAW -164.16835327810875
3 3 19 DRAW -164.16835327810878
3 3 20 DRAW -164.16835327810875
3 3 21 DRAW -164.16835327810878
3 3 22 DRAW -164.16835327810878
3 3 24 DRAW -142.65095323522132
3 3 25 DRAW -142.65095323522135
3 3 26 DRAW -142.65095323522135
3 3 28 DRAW -142.65095323522135
3 3 32 DRAW -164.16835327810875
3 3 33 DRAW -164.16835327810875
3 3 34 DRAW -164.16835327810875
3 3 35 DRAW -164.16835327810878
3 3 36 DRAW -164.16835327810875
3 3 37 DRAW -164.16835327810878
3 3 38 DRAW -164.16835327810878
3 3 40 DRAW -142.65095323522132
3 3 41 DRAW -142.65095323522135
3 3 42 DRAW -142.65095323522135
3 3 44 DRAW -142.65095323522135
3 3 48 DRAW -130.71461867127428
3 3 49 DRAW -130.71461867127428
3 3 50 DRAW -130.71461867127428
3 3 52 DRAW -130.71461867127428
3 4 0 RESET -43.05520590880997
3 4 1 DRAW -41.58370327491276
3 4 2 DRAW -41.583703274912764
3 4 3 DRAW -38.33527530962449
3 4 4 DRAW -41.58370327491276
3 4 6 DRAW -38.33527530962449
3 4 8 DRAW -41.583703274912764
3 4 9 DRAW -38.33527530962449
3 4 12 DRAW -38.33527530962449
3 4 16 RESET -43.05520590880997
3 4 17 DRAW -41.58370327491276
3 4 18 DRAW -41.58370327491276
3 4 19 DRAW -38.3352753096245
3 4 20 DRAW -41.583703274912764
3 4 22 DRAW -38.3352753096245
3 4 24 DRAW -41.58370327491276
3 4 25 DRAW -38.3352753096245
3 4 28 DRAW -38.3352753096245
3 4 32 RESET -43.05520590880997
3 4 33 DRAW -41.58370327491276
3 4 34 DRAW -41.58370327491276
3 4 35 DRAW -38.3352753096245
3 4 36 DRAW -41.583703274912764
3 4 38 DRAW -38.3352753096245
3 4 40 DRAW -41.58370327491276
3 4 41 DRAW -38.3352753096245
3 4 44 DRAW -38.3352753096245
3 4 48 RESET -43.05520590880997
3 4 49 DRAW -41.58370327491276
3 4 50 DRAW -41.58370327491276
3 4 52 DRAW -41.58370327491276
3 4 56 DRAW -41.58370327491276
3 5 0 RESET -27.286195226848
3 5 1 RESET -27.286195226848
3 5 2 DRAW -23.888195303352866
3 5 3 DRAW -23.88819530335287
3 5 4 RESET -27.286195226848
3 5 5 RESET -27.286195226848
3 5 6 DRAW -23.88819530335287
3 5 7 DRAW -23.88819530335287
3 5 8 DRAW -23.888195303352866
3 5 9 DRAW -23.88819530335287
3 5 12 DRAW -23.88819530335287
3 5 13 DRAW -23.88819530335287
3 5 16 RESET -27.286195226848
3 5 17 RESET -27.286195226848
3 5 18 DRAW -23.888195303352866
3 5 19 DRAW -23.888195303352866
3 5 20 RESET -27.286195226848
3 5 21 RESET -27.286195226848
3 5 22 DRAW -23.888195303352866
3 5 24 DRAW -23.888195303352866
3 5 25 DRAW -23.888195303352866
3 5 28 DRAW -23.888195303352866
3 5 32 RESET -27.286195226848
3 5 33 RESET -27.286195226848
3 5 34 DRAW -23.888195303352866
3 5 35 DRAW -23.888195303352866
3 5 36 RESET -27.286195226848
3 5 37 RESET -27.286195226848
3 5 38 DRAW -23.888195303352866
3 5 40 DRAW -23.888195303352866
3 5 41 DRAW -23.888195303352866
3 5 44 DRAW -23.888195303352866
3 5 48 RESET -27.286195226848
3 5 49 RESET -27.286195226848
3 5 50 DRAW -23.888195303352866
3 5 52 RESET -27.286195226848
3 5 56 DRAW -23.888195303352866
3 6 0 RESET -27.28619522684803
3 6 1 DRAW -23.888195303352887
3 6 2 RESET -27.28619522684803
3 6 3 DRAW -23.888195303352887
3 6 4 DRAW -23.888195303352887
3 6 6 DRAW -23.888195303352887
3 6 8 RESET -27.28619522684803
3 6 9 DRAW -23.888195303352887
3 6 10 RESET -27.28619522684803
3 6 11 DRAW -23.88819530335289
3 6 12 DRAW -23.888195303352887
3 6 14 DRAW -23.88819530335289
3 6 16 RESET -27.28619522684803
3 6 17 DRAW -23.88819530335289
3 6 18 RESET -27.28619522684803
3 6 19 DRAW -23.888195303352887
3 6 20 DRAW -23.88819530335289
3 6 22 DRAW -23.888195303352887
3 6 24 RESET -27.28619522684803
3 6 25 DRAW -23.888195303352887
3 6 26 RESET -27.28619522684803
3 6 28 DRAW -23.888195303352887
3 6 32 RESET -27.28619522684803
3 6 33 DRAW -23.88819530335289
3 6 34 RESET -27.28619522684803
3 6 35 DRAW -23.888195303352887
3 6 36 DRAW -23.88819530335289
3 6 38 DRAW -23.888195303352887
3 6 40 RESET -27.28619522684803
3 6 41 DRAW -23.888195303352887
3 6 42 RESET -27.28619522684803
3 6 44 DRAW -23.888195303352887
3 6 48 RESET -27.28619522684803
3 6 49 DRAW -23.888195303352887
3 6 50 RESET -27.28619522684803
3 6 52 DRAW -23.888195303352887
3 6 56 RESET -27.28619522684803
4 0 0 RESET -177.34063991434425
4 0 1 RESET -177.34063991434425
4 0 2 RESET -177.34063991434425
4 0 3 RESET -177.34063991434425
4 0 4 RESET -177.34063991434425
4 0 6 RESET -177.34063991434425
4 0 8 DRAW -177.1164191387661
4 0 9 DRAW -176.0878727704398
4 0 12 DRAW -176.0878727704398
4 0 16 DRAW -176.90204985319167
4 0 17 DRAW -175.97747960097843
4 0 18 DRAW -176.2889150904001
4 0 19 DRAW -175.21937236246382
4 0 20 DRAW -175.97747960097848
4 0 22 DRAW -175.21937236246382
4 0 24 DRAW -161.92395197495614
4 0 25 DRAW -160.73101166006094
4 0 28 DRAW -160.73101166006094
4 0 32 DRAW -176.90204985319167
4 0 33 DRAW -175.97747960097843
4 0 34 DRAW -176.2889150904001
4 0 35 DRAW -175.21937236246382
4 0 36 DRAW -175.97747960097848
4 0 38 DRAW -175.21937236246382
4 0 40 DRAW -161.92395197495614
4 0 41 DRAW -160.73101166006094
4 0 44 DRAW -160.73101166006094
4 0 48 DRAW -154.69919141367285
4 0 49 DRAW -153.46256345712968
4 0 50 DRAW -152.16320580001732
4 0 51 DRAW -150.75946100308371
4 0 52 DRAW -153.4625634571297
4 0 54 DRAW -150.75946100308371
4 1 0 RESET -170.81094655038982
4 1 1 RESET -170.81094655038982
4 1 2 RESET -170.81094655038982
4 1 3 RESET -170.81094655038982
4 1 4 RESET -170.81094655038982
4 1 5 RESET -170.81094655038982
4 1 6 RESET -170.81094655038982
4 1 7 RESET -170.81094655038982
4 1 8 DRAW -170.41047352364365
4 1 9 DRAW -170.41047352364365
4 1 12 DRAW -170.41047352364365
4 1 13 DRAW -170.41047352364365
4 1 16 DRAW -170.32546791532877
4 1 17 DRAW -170.32546791532877
4 1 18 DRAW -169.3910337080815
4 1 19 DRAW -169.39103370808152
4 1 20 DRAW -170.32546791532877
4 1 21 DRAW -170.32546791532877
4 1 22 DRAW -169.39103370808152
4 1 23 DRAW -169.3910337080815
4 1 24 DRAW -154.04797110466475
4 1 25 DRAW -154.0479711046647
4 1 28 DRAW -154.04797110466473
4 1 29 DRAW -154.0479711046647
4 1 32 DRAW -170.32546791532877
4 1 33 DRAW -170.32546791532877
4 1 34 DRAW -169.3910337080815
4 1 35 DRAW -169.39103370808152
4 1 36 DRAW -170.32546791532877
4 1 37 DRAW -170.32546791532877
4 1 38 DRAW -169.39103370808152
4 1 39 DRAW -169.3910337080815
4 1 40 DRAW -154.04797110466475
4 1 41 DRAW -154.0479711046647
4 1 44 DRAW -154.04797110466473
4 1 45 DRAW -154.0479711046647
4 1 48 DRAW -146.42546687985447
4 1 49 DRAW -146.42546687985447
4 1 50 DRAW -142.12998878869132
4 1 51 DRAW -142.12998878869132
4 1 52 DRAW -146.42546687985447
4 1 53 DRAW -146.42546687985447
4 1 54 DRAW -142.12998878869132
4 2 0 RESET -173.7956969107095
4 2 1 RESET -173.7956969107095
4 2 2 RESET -173.7956969107095
4 2 3 RESET -173.7956969107095
4 2 4 RESET -173.7956969107095
4 2 6 RESET -173.7956969107095
4 2 8 DRAW -173.78004645503262
4 2 9 DRAW -172.8302324460211
4 2 10 DRAW -173.78004645503256
4 2 11 DRAW -172.83023244602106
4 2 12 DRAW -172.83023244602106
4 2 14 DRAW -172.83023244602106
4 2 16 DRAW -173.2602103027278
4 2 17 DRAW -172.10595729650214
4 2 18 DRAW -173.26021030272784
4 2 19 DRAW -172.10595729650208
4 2 20 DRAW -172.10595729650208
4 2 22 DRAW -172.10595729650208
4 2 24 DRAW -157.63943854145515
4 2 25 DRAW -156.17764196909633
4 2 26 DRAW -157.63943854145512
4 2 27 DRAW -156.17764196909627
4 2 28 DRAW -156.17764196909627
4 2 30 DRAW -156.17764196909627
4 2 32 DRAW -173.2602103027278
4 2 33 DRAW -172.10595729650214
4 2 34 DRAW -173.26021030272784
4 2 35 DRAW -172.10595729650208
4 2 36 DRAW -172.10595729650208
4 2 38 DRAW -172.10595729650208
4 2 40 DRAW -157.63943854145515
4 2 41 DRAW -156.17764196909633
4 2 42 DRAW -157.63943854145512
4 2 43 DRAW -156.17764196909627
4 2 44 DRAW -156.17764196909627
4 2 46 DRAW -156.17764196909627
4 2 48 DRAW -149.22765251162554
4 2 49 DRAW -147.651249734355
4 2 50 DRAW -149.22765251162554
4 2 51 DRAW -147.65124973435493
4 2 52 DRAW -147.65124973435496
4 2 54 DRAW -147.65124973435493
4 3 0 RESET -165.99035004725764
4 3 1 RESET -165.99035004725764
4 3 2 RESET -165.99035004725764
4 3 3 RESET -165.99035004725764
4 3 4 RESET -165.99035004725764
4 3 5 RESET -165.99035004725764
4 3 6 RESET -165.99035004725764
4 3 7 RESET -165.99035004725764
4 3 8 DRAW -165.91166634575995
4 3 9 DRAW -165.91166634575995
4 3 10 DRAW -165.91166634575995
4 3 11 DRAW -165.91166634575998
4 3 12 DRAW -165.91166634575995
4 3 13 DRAW -165.91166634575998
4 3 14 DRAW -165.91166634575998
4 3 15 DRAW -165.91166634575995
4 3 16 DRAW -165.36153941448262
4 3 17 DRAW -165.36153941448262
4 3 18 DRAW -165.36153941448262
4 3 19 DRAW -165.36153941448262
4 3 20 DRAW -165.36153941448262
4 3 21 DRAW -165.36153941448262
4 3 22 DRAW -165.36153941448262
4 3 23 DRAW -165.36153941448262
4 3 24 DRAW -147.67952474166654
4 3 25 DRAW -147.67952474166654
4 3 26 DRAW -147.67952474166654
4 3 27 DRAW -147.6795247416665
4 3 28 DRAW -147.67952474166654
4 3 29 DRAW -147.6795247416665
4 3 30 DRAW -147.6795247416665
4 3 32 DRAW -165.36153941448262
4 3 33 DRAW -165.36153941448262
4 3 34 DRAW -165.36153941448262
4 3 35 DRAW -165.36153941448262
4 3 36 DRAW -165.36153941448262
4 3 37 DRAW -165.36153941448262
4 3 38 DRAW -165.36153941448262
4 3 39 DRAW -165.36153941448262
4 3 40 DRAW -147.67952474166654
4 3 41 DRAW -147.67952474166654
4 3 42 DRAW -147.67952474166654
4 3 43 DRAW -147.6795247416665
4 3 44 DRAW -147.67952474166654
4 3 45 DRAW -147.6795247416665
4 3 46 DRAW -147.6795247416665
4 3 48 DRAW -138.17508225543077
4 3 49 DRAW -138.17508225543077
4 3 50 DRAW -138.17508225543077
4 3 51 DRAW -138.17508225543077
4 3 52 DRAW -138.17508225543077
4 3 53 DRAW -138.17508225543077
4 3 54 DRAW -138.17508225543077
4 4 0 RESET -43.05520590880997
4 4 1 DRAW -41.797142562724105
4 4 2 DRAW -41.79714256272411
4 4 3 DRAW -39.142862046869496
4 4 4 DRAW -41.797142562724105
4 4 6 DRAW -39.142862046869496
4 4 8 DRAW -41.79714256272411
4 4 9 DRAW -39.142862046869496
4 4 12 DRAW -39.142862046869496
4 4 16 RESET -43.05520590880997
4 4 17 DRAW -41.797142562724105
4 4 18 DRAW -41.797142562724105
4 4 19 DRAW -39.142862046869496
4 4 20 DRAW -41.79714256272411
4 4 22 DRAW -39.142862046869496
4 4 24 DRAW -41.797142562724105
4 4 25 DRAW -39.142862046869496
4 4 28 DRAW -39.142862046869496
4 4 32 RESET -43.05520590880997
4 4 33 DRAW -41.797142562724105
4 4 34 DRAW -41.797142562724105
4 4 35 DRAW -39.142862046869496
4 4 36 DRAW -41.79714256272411
4 4 38 DRAW -39.142862046869496
4 4 40 DRAW -41.797142562724105
4 4 41 DRAW -39.142862046869496
4 4 44 DRAW -39.142862046869496
4 4 48 RESET -43.05520590880997
4 4 49 DRAW -41.797142562724105
4 4 50 DRAW -41.797142562724105
4 4 51 DRAW -39.14286204686949
4 4 52 DRAW -41.797142562724105
4 4 54 DRAW -39.14286204686949
4 4 56 DRAW -41.797142562724105
4 4 57 DRAW -39.14286204686949
4 4 60 DRAW -39.14286204686949
4 5 0 RESET -27.286195226848
4 5 1 RESET -27.286195226848
4 5 2 DRAW -24.380903692701963
4 5 3 DRAW -24.38090369270197
4 5 4 RESET -27.286195226848
4 5 5 RESET -27.286195226848
4 5 6 DRAW -24.38090369270197
4 5 7 DRAW -24.380903692701967
4 5 8 DRAW -24.380903692701963
4 5 9 DRAW -24.38090369270197
4 5 12 DRAW -24.38090369270197
4 5 13 DRAW -24.380903692701967
4 5 16 RESET -27.286195226848
4 5 17 RESET -27.286195226848
4 5 18 DRAW -24.380903692701967
4 5 19 DRAW -24.380903692701963
4 5 20 RESET -27.286195226848
4 5 21 RESET -27.286195226848
4 5 22 DRAW -24.380903692701963
4 5 23 DRAW -24.380903692701963
4 5 24 DRAW -24.380903692701967
4 5 25 DRAW -24.380903692701963
4 5 28 DRAW -24.380903692701963
4 5 29 DRAW -24.380903692701963
4 5 32 RESET -27.286195226848
4 5 33 RESET -27.286195226848
4 5 34 DRAW -24.380903692701967
4 5 35 DRAW -24.380903692701963
4 5 36 RESET -27.286195226848
4 5 37 RESET -27.286195226848
4 5 38 DRAW -24.380903692701963
4 5 39 DRAW -24.380903692701963
4 5 40 DRAW -24.380903692701967
4 5 41 DRAW -24.380903692701963
4 5 44 DRAW -24.380903692701963
4 5 45 DRAW -24.380903692701963
4 5 48 RESET -27.286195226848
4 5 49 RESET -27.286195226848
4 5 50 DRAW -24.380903692701967
4 5 51 DRAW -24.380903692701963
4 5 52 RESET -27.286195226848
4 5 53 RESET -27.286195226848
4 5 54 DRAW -24.380903692701963
4 5 56 DRAW -24.380903692701967
4 5 57 DRAW -24.380903692701963
4 5 60 DRAW -24.380903692701963
4 6 0 RESET -27.28619522684803
4 6 1 DRAW -24.380903692701988
4 6 2 RESET -27.28619522684803
4 6 3 DRAW -24.38090369270199
4 6 4 DRAW -24.380903692701988
4 6 6 DRAW -24.38090369270199
4 6 8 RESET -27.28619522684803
4 6 9 DRAW -24.38090369270199
4 6 10 RESET -27.28619522684803
4 6 11 DRAW -24.38090369270199
4 6 12 DRAW -24.38090369270199
4 6 14 DRAW -24.38090369270199
4 6 16 RESET -27.28619522684803
4 6 17 DRAW -24.38090369270199
4 6 18 RESET -27.28619522684803
4 6 19 DRAW -24.380903692701985
4 6 20 DRAW -24.38090369270199
4 6 22 DRAW -24.380903692701985
4 6 24 RESET -27.28619522684803
4 6 25 DRAW -24.380903692701985
4 6 26 RESET -27.28619522684803
4 6 27 DRAW -24.38090369270199
4 6 28 DRAW -24.380903692701985
4 6 30 DRAW -24.38090369270199
4 6 32 RESET -27.28619522684803
4 6 33 DRAW -24.38090369270199
4 6 34 RESET -27.28619522684803
4 6 35 DRAW -24.380903692701985
4 6 36 DRAW -24.38090369270199
4 6 38 DRAW -24.380903692701985
4 6 40 RESET -27.28619522684803
4 6 41 DRAW -24.380903692701985
4 6 42 RESET -27.28619522684803
4 6 43 DRAW -24.38090369270199
4 6 44 DRAW -24.380903692701985
4 6 46 DRAW -24.38090369270199
4 6 48 RESET -27.28619522684803
4 6 49 DRAW -24.380903692701988
4 6 50 RESET -27.28619522684803
4 6 51 DRAW -24.38090369270199
4 6 52 DRAW -24.380903692701988
4 6 54 DRAW -24.38090369270199
4 6 56 RESET -27.28619522684803
4 6 57 DRAW -24.38090369270199
4 6 58 RESET -27.28619522684803
4 6 60 DRAW -24.38090369270199
5 0 0 RESET -177.34063991434425
5 0 1 RESET -177.34063991434425
5 0 2 RESET -177.34063991434425
5 0 3 DRAW -177.07086653332118
5 0 4 RESET -177.34063991434425
5 0 6 DRAW -177.07086653332118
5 0 8 RESET -177.34063991434425
5 0 9 DRAW -176.57397682155158
5 0 12 DRAW -176.57397682155158
5 0 16 RESET -177.34063991434425
5 0 17 DRAW -176.74934613789821
5 0 18 DRAW -177.02939611642944
5 0 19 DRAW -176.25768327690977
5 0 20 DRAW -176.74934613789821
5 0 22 DRAW -176.25768327690977
5 0 24 DRAW -166.47048974132488
5 0 25 DRAW -165.64749481625256
5 0 28 DRAW -165.64749481625256
5 0 32 RESET -177.34063991434425
5 0 33 DRAW -176.74934613789821
5 0 34 DRAW -177.02939611642944
5 0 35 DRAW -176.25768327690977
5 0 36 DRAW -176.74934613789821
5 0 38 DRAW -176.25768327690977
5 0 40 DRAW -166.47048974132488
5 0 41 DRAW -165.64749481625256
5 0 44 DRAW -165.64749481625256
5 0 48 DRAW -161.38397214977104
5 0 49 DRAW -160.5459567718633
5 0 50 DRAW -159.54595610358504
5 0 51 DRAW -158.62037859718146
5 0 52 DRAW -160.5459567718633
5 0 54 DRAW -158.62037859718146
5 1 0 RESET -170.81094655038982
5 1 1 RESET -170.81094655038982
5 1 2 RESET -170.81094655038982
5 1 3 RESET -170.81094655038982
5 1 4 RESET -170.81094655038982
5 1 5 RESET -170.81094655038982
5 1 6 RESET -170.81094655038982
5 1 7 RESET -170.81094655038982
5 1 8 DRAW -170.67686821882415
5 1 9 DRAW -170.67686821882418
5 1 12 DRAW -170.67686821882418
5 1 13 DRAW -170.67686821882418
5 1 16 RESET -170.81094655038982
5 1 17 RESET -170.81094655038982
5 1 18 DRAW -170.29218628662827
5 1 19 DRAW -170.29218628662824
5 1 20 RESET -170.81094655038982
5 1 21 RESET -170.81094655038982
5 1 22 DRAW -170.29218628662824
5 1 23 DRAW -170.29218628662827
5 1 24 DRAW -159.0067836995267
5 1 25 DRAW -159.00678369952675
5 1 28 DRAW -159.0067836995267
5 1 29 DRAW -159.0067836995267
5 1 32 RESET -170.81094655038982
5 1 33 RESET -170.81094655038982
5 1 34 DRAW -170.29218628662827
5 1 35 DRAW -170.29218628662824
5 1 36 RESET -170.81094655038982
5 1 37 RESET -170.81094655038982
5 1 38 DRAW -170.29218628662824
5 1 39 DRAW -170.29218628662827
5 1 40 DRAW -159.0067836995267
5 1 41 DRAW -159.00678369952675
5 1 44 DRAW -159.0067836995267
5 1 45 DRAW -159.0067836995267
5 1 48 DRAW -153.6672385602412
5 1 49 DRAW -153.6672385602412
5 1 50 DRAW -150.53952292787966
5 1 51 DRAW -150.5395229278797
5 1 52 DRAW -153.6672385602412
5 1 53 DRAW -153.66723856024123
5 1 54 DRAW -150.5395229278797
5 1 55 DRAW -150.5395229278797
5 2 0 RESET -173.7956969107095
5 2 1 RESET -173.7956969107095
5 2 2 RESET -173.7956969107095
5 2 3 RESET -173.7956969107095
5 2 4 RESET -173.7956969107095
5 2 6 RESET -173.7956969107095
5 2 8 RESET -173.7956969107095
5 2 9 DRAW -173.2778249218829
5 2 10 RESET -173.7956969107095
5 2 11 DRAW -173.2778249218829
5 2 12 DRAW -173.2778249218829
5 2 14 DRAW -173.2778249218829
5 2 16 RESET -173.7956969107095
5 2 17 DRAW -173.00676383641246
5 2 18 RESET -173.7956969107095
5 2 19 DRAW -173.00676383641243
5 2 20 DRAW -173.00676383641246
5 2 22 DRAW -173.00676383641243
5 2 24 DRAW -162.39644821267012
5 2 25 DRAW -161.38409125932873
5 2 26 DRAW -162.3964482126701
5 2 27 DRAW -161.38409125932876
5 2 28 DRAW -161.38409125932878
5 2 30 DRAW -161.38409125932876
5 2 32 RESET -173.7956969107095
5 2 33 DRAW -173.00676383641246
5 2 34 RESET -173.7956969107095
5 2 35 DRAW -173.00676383641243
5 2 36 DRAW -173.00676383641246
5 2 38 DRAW -173.00676383641243
5 2 40 DRAW -162.39644821267012
5 2 41 DRAW -161.38409125932873
5 2 42 DRAW -162.3964482126701
5 2 43 DRAW -161.38409125932876
5 2 44 DRAW -161.38409125932878
5 2 46 DRAW -161.38409125932876
5 2 48 DRAW -156.4331043323201
5 2 49 DRAW -155.36945915668412
5 2 50 DRAW -156.4331043323201
5 2 51 DRAW -155.36945915668406
5 2 52 DRAW -155.36945915668414
5 2 54 DRAW -155.36945915668406
5 3 0 RESET -165.99035004725764
5 3 1 RESET -165.99035004725764
5 3 2 RESET -165.99035004725764
5 3 3 RESET -165.99035004725764
5 3 4 RESET -165.99035004725764
5 3 5 RESET -165.99035004725764
5 3 6 RESET -165.99035004725764
5 3 7 RESET -165.99035004725764
5 3 8 RESET -165.99035004725764
5 3 9 RESET -165.99035004725764
5 3 10 RESET -165.99035004725764
5 3 11 RESET -165.99035004725764
5 3 12 RESET -165.99035004725764
5 3 13 RESET -165.99035004725764
5 3 14 RESET -165.99035004725764
5 3 15 RESET -165.99035004725764
5 3 16 RESET -165.99035004725764
5 3 17 RESET -165.99035004725764
5 3 18 RESET -165.99035004725764
5 3 19 RESET -165.99035004725764
5 3 20 RESET -165.99035004725764
5 3 21 RESET -165.99035004725764
5 3 22 RESET -165.99035004725764
5 3 23 RESET -165.99035004725764
5 3 24 DRAW -153.05779747362257
5 3 25 DRAW -153.05779747362257
5 3 26 DRAW -153.05779747362257
5 3 27 DRAW -153.05779747362254
5 3 28 DRAW -153.05779747362257
5 3 29 DRAW -153.05779747362254
5 3 30 DRAW -153.05779747362254
5 3 31 DRAW -153.05779747362257
5 3 32 RESET -165.99035004725764
5 3 33 RESET -165.99035004725764
5 3 34 RESET -165.99035004725764
5 3 35 RESET -165.99035004725764
5 3 36 RESET -165.99035004725764
5 3 37 RESET -165.99035004725764
5 3 38 RESET -165.99035004725764
5 3 39 RESET -165.99035004725764
5 3 40 DRAW -153.05779747362257
5 3 41 DRAW -153.05779747362257
5 3 42 DRAW -153.05779747362257
5 3 43 DRAW -153.05779747362254
5 3 44 DRAW -153.05779747362257
5 3 45 DRAW -153.05779747362254
5 3 46 DRAW -153.05779747362254
5 3 47 DRAW -153.05779747362257
5 3 48 DRAW -146.32094973720626
5 3 49 DRAW -146.32094973720626
5 3 50 DRAW -146.32094973720626
5 3 51 DRAW -146.32094973720632
5 3 52 DRAW -146.32094973720626
5 3 53 DRAW -146.32094973720632
5 3 54 DRAW -146.32094973720632
5 3 55 DRAW -146.3209497372063
5 4 0 RESET -43.05520590880997
5 4 1 DRAW -41.954616141740104
5 4 2 DRAW -41.954616141740104
5 4 3 DRAW -40.02903796705816
5 4 4 DRAW -41.954616141740104
5 4 6 DRAW -40.02903796705816
5 4 8 DRAW -41.954616141740104
5 4 9 DRAW -40.02903796705816
5 4 12 DRAW -40.02903796705816
5 4 16 RESET -43.05520590880997
5 4 17 DRAW -41.954616141740104
5 4 18 DRAW -41.954616141740104
5 4 19 DRAW -40.029037967058166
5 4 20 DRAW -41.95461614174011
5 4 22 DRAW -40.029037967058166
5 4 24 DRAW -41.954616141740104
5 4 25 DRAW -40.029037967058166
5 4 28 DRAW -40.029037967058166
5 4 32 RESET -43.05520590880997
5 4 33 DRAW -41.954616141740104
5 4 34 DRAW -41.954616141740104
5 4 35 DRAW -40.029037967058166
5 4 36 DRAW -41.95461614174011
5 4 38 DRAW -40.029037967058166
5 4 40 DRAW -41.954616141740104
5 4 41 DRAW -40.029037967058166
5 4 44 DRAW -40.029037967058166
5 4 48 RESET -43.05520590880997
5 4 49 DRAW -41.954616141740104
5 4 50 DRAW -41.954616141740104
5 4 51 DRAW -40.029037967058166
5 4 52 DRAW -41.954616141740104
5 4 54 DRAW -40.029037967058166
5 4 56 DRAW -41.954616141740104
5 4 57 DRAW -40.029037967058166
5 4 60 DRAW -40.029037967058166
5 5 0 RESET -27.286195226848
5 5 1 RESET -27.286195226848
5 5 2 DRAW -24.939630605548757
5 5 3 DRAW -24.939630605548764
5 5 4 RESET -27.286195226848
5 5 5 RESET -27.286195226848
5 5 6 DRAW -24.939630605548764
5 5 7 DRAW -24.939630605548764
5 5 8 DRAW -24.939630605548757
5 5 9 DRAW -24.939630605548764
5 5 12 DRAW -24.939630605548764
5 5 13 DRAW -24.939630605548764
5 5 16 RESET -27.286195226848
5 5 17 RESET -27.286195226848
5 5 18 DRAW -24.939630605548764
5 5 19 DRAW -24.93963060554876
5 5 20 RESET -27.286195226848
5 5 21 RESET -27.286195226848
5 5 22 DRAW -24.93963060554876
5 5 23 DRAW -24.93963060554876
5 5 24 DRAW -24.939630605548764
5 5 25 DRAW -24.93963060554876
5 5 28 DRAW -24.93963060554876
5 5 29 DRAW -24.93963060554876
5 5 32 RESET -27.286195226848
5 5 33 RESET -27.286195226848
5 5 34 DRAW -24.939630605548764
5 5 35 DRAW -24.93963060554876
5 5 36 RESET -27.286195226848
5 5 37 RESET -27.286195226848
5 5 38 DRAW -24.93963060554876
5 5 39 DRAW -24.93963060554876
5 5 40 DRAW -24.939630605548764
5 5 41 DRAW -24.93963060554876
5 5 44 DRAW -24.93963060554876
5 5 45 DRAW -24.93963060554876
5 5 48 RESET -27.286195226848
5 5 49 RESET -27.286195226848
5 5 50 DRAW -24.939630605548764
5 5 51 DRAW -24.93963060554876
5 5 52 RESET -27.286195226848
5 5 53 RESET -27.286195226848
5 5 54 DRAW -24.93963060554876
5 5 55 DRAW -24.939630605548764
5 5 56 DRAW -24.939630605548764
5 5 57 DRAW -24.93963060554876
5 5 60 DRAW -24.93963060554876
5 5 61 DRAW -24.939630605548764
5 6 0 RESET -27.28619522684803
5 6 1 DRAW -24.939630605548786
5 6 2 RESET -27.28619522684803
5 6 3 DRAW -24.939630605548793
5 6 4 DRAW -24.939630605548786
5 6 6 DRAW -24.939630605548793
5 6 8 RESET -27.28619522684803
5 6 9 DRAW -24.939630605548793
5 6 10 RESET -27.28619522684803
5 6 11 DRAW -24.93963060554879
5 6 12 DRAW -24.939630605548793
5 6 14 DRAW -24.93963060554879
5 6 16 RESET -27.28619522684803
5 6 17 DRAW -24.939630605548793
5 6 18 RESET -27.28619522684803
5 6 19 DRAW -24.939630605548786
5 6 20 DRAW -24.939630605548793
5 6 22 DRAW -24.939630605548786
5 6 24 RESET -27.28619522684803
5 6 25 DRAW -24.939630605548786
5 6 26 RESET -27.28619522684803
5 6 27 DRAW -24.93963060554879
5 6 28 DRAW -24.939630605548786
5 6 30 DRAW -24.93963060554879
5 6 32 RESET -27.28619522684803
5 6 33 DRAW -24.939630605548793
5 6 34 RESET -27.28619522684803
5 6 35 DRAW -24.939630605548786
5 6 36 DRAW -24.939630605548793
5 6 38 DRAW -24.939630605548786
5 6 40 RESET -27.28619522684803
5 6 41 DRAW -24.939630605548786
5 6 42 RESET -27.28619522684803
5 6 43 DRAW -24.93963060554879
5 6 44 DRAW -24.939630605548786
5 6 46 DRAW -24.93963060554879
5 6 48 RESET -27.28619522684803
5 6 49 DRAW -24.93963060554879
5 6 50 RESET -27.28619522684803
5 6 51 DRAW -24.93963060554879
5 6 52 DRAW -24.93963060554879
5 6 54 DRAW -24.93963060554879
5 6 56 RESET -27.28619522684803
5 6 57 DRAW -24.93963060554879
5 6 58 RESET -27.28619522684803
5 6 59 DRAW -24.939630605548793
5 6 60 DRAW -24.93963060554879
5 6 62 DRAW -24.939630605548793
6 0 0 DRAW -177.34063991434425
6 0 1 DRAW -176.91479034712978
6 0 2 DRAW -177.10944797932444
6 0 3 DRAW -176.6835984121102
6 0 4 DRAW -176.91479034712984
6 0 6 DRAW -176.6835984121102
6 0 8 DRAW -177.10944797932444
6 0 9 DRAW -176.6835984121102
6 0 12 DRAW -176.6835984121102
6 0 16 DRAW -177.34063991434425
6 0 17 DRAW -176.91479034712978
6 0 18 DRAW -177.10944797932444
6 0 19 DRAW -176.6835984121102
6 0 20 DRAW -176.91479034712984
6 0 22 DRAW -176.6835984121102
6 0 24 DRAW -171.27095084864894
6 0 25 DRAW -170.84510128143478
6 0 28 DRAW -170.84510128143478
6 0 32 DRAW -177.34063991434425
6 0 33 DRAW -176.91479034712978
6 0 34 DRAW -177.10944797932444
6 0 35 DRAW -176.6835984121102
6 0 36 DRAW -176.91479034712984
6 0 38 DRAW -176.6835984121102
6 0 40 DRAW -171.27095084864894
6 0 41 DRAW -170.84510128143478
6 0 44 DRAW -170.84510128143478
6 0 48 DRAW -168.58289421833103
6 0 49 DRAW -168.15704465111656
6 0 50 DRAW -167.5544804782033
6 0 51 DRAW -167.12863091098876
6 0 52 DRAW -168.15704465111668
6 0 54 DRAW -167.12863091098876
6 1 0 DRAW -170.81094655038982
6 1 1 DRAW -170.81094655038982
6 1 2 DRAW -170.49655982192465
6 1 3 DRAW -170.49655982192468
6 1 4 DRAW -170.81094655038982
6 1 5 DRAW -170.81094655038982
6 1 6 DRAW -170.49655982192468
6 1 7 DRAW -170.49655982192468
6 1 8 DRAW -170.49655982192465
6 1 9 DRAW -170.49655982192468
6 1 12 DRAW -170.49655982192468
6 1 13 DRAW -170.49655982192468
6 1 16 DRAW -170.81094655038982
6 1 17 DRAW -170.81094655038982
6 1 18 DRAW -170.49655982192468
6 1 19 DRAW -170.49655982192465
6 1 20 DRAW -170.81094655038982
6 1 21 DRAW -170.81094655038982
6 1 22 DRAW -170.49655982192465
6 1 23 DRAW -170.49655982192465
6 1 24 DRAW -164.2563532426403
6 1 25 DRAW -164.2563532426403
6 1 28 DRAW -164.2563532426403
6 1 29 DRAW -164.25635324264024
6 1 32 DRAW -170.81094655038982
6 1 33 DRAW -170.81094655038982
6 1 34 DRAW -170.49655982192468
6 1 35 DRAW -170.49655982192465
6 1 36 DRAW -170.81094655038982
6 1 37 DRAW -170.81094655038982
6 1 38 DRAW -170.49655982192465
6 1 39 DRAW -170.49655982192465
6 1 40 DRAW -164.2563532426403
6 1 41 DRAW -164.2563532426403
6 1 44 DRAW -164.2563532426403
6 1 45 DRAW -164.25635324264024
6 1 48 DRAW -161.45063668146312
6 1 49 DRAW -161.45063668146315
6 1 50 DRAW -159.73631960145133
6 1 51 DRAW -159.73631960145133
6 1 52 DRAW -161.45063668146315
6 1 53 DRAW -161.45063668146315
6 1 54 DRAW -159.73631960145133
6 1 55 DRAW -159.73631960145133
6 2 0 DRAW -173.7956969107095
6 2 1 DRAW -173.28665255004964
6 2 2 DRAW -173.7956969107095
6 2 3 DRAW -173.28665255004964
6 2 4 DRAW -173.28665255004964
6 2 6 DRAW -173.28665255004964
6 2 8 DRAW -173.7956969107095
6 2 9 DRAW -173.28665255004964
6 2 10 DRAW -173.7956969107095
6 2 11 DRAW -173.2866525500496
6 2 12 DRAW -173.28665255004964
6 2 14 DRAW -173.2866525500496
6 2 16 DRAW -173.7956969107095
6 2 17 DRAW -173.28665255004964
6 2 18 RESET -173.7956969107095
6 2 19 DRAW -173.2866525500496
6 2 20 DRAW -173.28665255004964
6 2 22 DRAW -173.2866525500496
6 2 24 DRAW -167.4257185766286
6 2 25 DRAW -166.91667421596873
6 2 26 DRAW -167.4257185766286
6 2 27 DRAW -166.91667421596867
6 2 28 DRAW -166.9166742159687
6 2 30 DRAW -166.91667421596867
6 2 32 DRAW -173.7956969107095
6 2 33 DRAW -173.28665255004964
6 2 34 RESET -173.7956969107095
6 2 35 DRAW -173.2866525500496
6 2 36 DRAW -173.28665255004964
6 2 38 DRAW -173.2866525500496
6 2 40 DRAW -167.4257185766286
6 2 41 DRAW -166.91667421596873
6 2 42 DRAW -167.4257185766286
6 2 43 DRAW -166.91667421596867
6 2 44 DRAW -166.9166742159687
6 2 46 DRAW -166.91667421596867
6 2 48 DRAW -164.2407294095882
6 2 49 DRAW -163.7316850489283
6 2 50 DRAW -164.2407294095882
6 2 51 DRAW -163.73168504892823
6 2 52 DRAW -163.73168504892828
6 2 54 DRAW -163.73168504892823
6 3 0 DRAW -165.99035004725764
6 3 1 DRAW -165.99035004725764
6 3 2 DRAW -165.99035004725764
6 3 3 DRAW -165.99035004725764
6 3 4 DRAW -165.99035004725764
6 3 5 DRAW -165.99035004725764
6 3 6 DRAW -165.99035004725764
6 3 7 DRAW -165.99035004725764
6 3 8 DRAW -165.99035004725764
6 3 9 DRAW -165.99035004725764
6 3 10 DRAW -165.99035004725764
6 3 11 DRAW -165.99035004725764
6 3 12 DRAW -165.99035004725764
6 3 13 DRAW -165.99035004725764
6 3 14 DRAW -165.99035004725764
6 3 15 RESET -165.99035004725764
6 3 16 DRAW -165.99035004725764
6 3 17 RESET -165.99035004725764
6 3 18 RESET -165.99035004725764
6 3 19 DRAW -165.99035004725764
6 3 20 RESET -165.99035004725764
6 3 21 DRAW -165.99035004725764
6 3 22 DRAW -165.99035004725764
6 3 23 DRAW -165.99035004725764
6 3 24 DRAW -158.81685656694214
6 3 25 DRAW -158.81685656694214
6 3 26 DRAW -158.81685656694214
6 3 27 DRAW -158.81685656694214
6 3 28 DRAW -158.81685656694214
6 3 29 DRAW -158.81685656694214
6 3 30 DRAW -158.81685656694214
6 3 31 DRAW -158.81685656694214
6 3 32 DRAW -165.99035004725764
6 3 33 RESET -165.99035004725764
6 3 34 RESET -165.99035004725764
6 3 35 DRAW -165.99035004725764
6 3 36 RESET -165.99035004725764
6 3 37 DRAW -165.99035004725764
6 3 38 DRAW -165.99035004725764
6 3 39 DRAW -165.99035004725764
6 3 40 DRAW -158.81685656694214
6 3 41 DRAW -158.81685656694214
6 3 42 DRAW -158.81685656694214
6 3 43 DRAW -158.81685656694214
6 3 44 DRAW -158.81685656694214
6 3 45 DRAW -158.81685656694214
6 3 46 DRAW -158.81685656694214
6 3 47 DRAW -158.81685656694214
6 3 48 DRAW -155.23010982678431
6 3 49 DRAW -155.23010982678434
6 3 50 DRAW -155.23010982678434
6 3 51 DRAW -155.23010982678434
6 3 52 DRAW -155.23010982678434
6 3 53 DRAW -155.23010982678434
6 3 54 DRAW -155.23010982678434
6 3 55 DRAW -155.23010982678434
6 4 0 DRAW -43.05520590880997
6 4 1 DRAW -42.026792168682015
6 4 2 DRAW -42.026792168682015
6 4 3 DRAW -40.99837842855406
6 4 4 DRAW -42.026792168682015
6 4 6 DRAW -40.99837842855406
6 4 8 DRAW -42.026792168682015
6 4 9 DRAW -40.99837842855406
6 4 12 DRAW -40.99837842855406
6 4 16 DRAW -43.05520590880997
6 4 17 DRAW -42.026792168682015
6 4 18 DRAW -42.026792168682015
6 4 19 DRAW -40.99837842855406
6 4 20 DRAW -42.02679216868202
6 4 22 DRAW -40.99837842855406
6 4 24 DRAW -42.026792168682015
6 4 25 DRAW -40.99837842855406
6 4 28 DRAW -40.99837842855406
6 4 32 DRAW -43.05520590880997
6 4 33 DRAW -42.026792168682015
6 4 34 DRAW -42.026792168682015
6 4 35 DRAW -40.99837842855406
6 4 36 DRAW -42.02679216868202
6 4 38 DRAW -40.99837842855406
6 4 40 DRAW -42.026792168682015
6 4 41 DRAW -40.99837842855406
6 4 44 DRAW -40.99837842855406
6 4 48 DRAW -43.05520590880997
6 4 49 DRAW -42.026792168682015
6 4 50 DRAW -42.026792168682015
6 4 51 DRAW -40.99837842855406
6 4 52 DRAW -42.026792168682015
6 4 54 DRAW -40.99837842855406
6 4 56 DRAW -42.026792168682015
6 4 57 DRAW -40.99837842855406
6 4 60 DRAW -40.99837842855406
6 5 0 DRAW -27.286195226848
6 5 1 DRAW -27.286195226848
6 5 2 DRAW -25.571878146836177
6 5 3 DRAW -25.57187814683618
6 5 4 DRAW -27.286195226848
6 5 5 DRAW -27.286195226848
6 5 6 DRAW -25.57187814683618
6 5 7 DRAW -25.57187814683618
6 5 8 DRAW -25.571878146836177
6 5 9 DRAW -25.57187814683618
6 5 12 DRAW -25.57187814683618
6 5 13 DRAW -25.57187814683618
6 5 16 DRAW -27.286195226848
6 5 17 RESET -27.286195226848
6 5 18 DRAW -25.57187814683618
6 5 19 DRAW -25.57187814683618
6 5 20 RESET -27.286195226848
6 5 21 DRAW -27.286195226848
6 5 22 DRAW -25.57187814683618
6 5 23 DRAW -25.571878146836177
6 5 24 DRAW -25.57187814683618
6 5 25 DRAW -25.57187814683618
6 5 28 DRAW -25.57187814683618
6 5 29 DRAW -25.571878146836177
6 5 32 DRAW -27.286195226848
6 5 33 RESET -27.286195226848
6 5 34 DRAW -25.57187814683618
6 5 35 DRAW -25.57187814683618
6 5 36 RESET -27.286195226848
6 5 37 DRAW -27.286195226848
6 5 38 DRAW -25.57187814683618
6 5 39 DRAW -25.571878146836177
6 5 40 DRAW -25.57187814683618
6 5 41 DRAW -25.57187814683618
6 5 44 DRAW -25.57187814683618
6 5 45 DRAW -25.571878146836177
6 5 48 DRAW -27.286195226848
6 5 49 DRAW -27.286195226848
6 5 50 DRAW -25.57187814683618
6 5 51 DRAW -25.571878146836177
6 5 52 DRAW -27.286195226848
6 5 53 DRAW -27.286195226848
6 5 54 DRAW -25.571878146836177
6 5 55 DRAW -25.57187814683618
6 5 56 DRAW -25.57187814683618
6 5 57 DRAW -25.571878146836177
6 5 60 DRAW -25.571878146836177
6 5 61 DRAW -25.57187814683618
6 6 0 DRAW -27.28619522684803
6 6 1 DRAW -25.571878146836205
6 6 2 RESET -27.28619522684803
6 6 3 DRAW -25.57187814683621
6 6 4 DRAW -25.571878146836205
6 6 6 DRAW -25.57187814683621
6 6 8 RESET -27.28619522684803
6 6 9 DRAW -25.57187814683621
6 6 10 DRAW -27.28619522684803
6 6 11 DRAW -25.571878146836205
6 6 12 DRAW -25.57187814683621
6 6 14 DRAW -25.571878146836205
6 6 16 DRAW -27.28619522684803
6 6 17 DRAW -25.57187814683621
6 6 18 RESET -27.28619522684803
6 6 19 DRAW -25.571878146836205
6 6 20 DRAW -25.57187814683621
6 6 22 DRAW -25.571878146836205
6 6 24 RESET -27.28619522684803
6 6 25 DRAW -25.571878146836205
6 6 26 DRAW -27.28619522684803
6 6 27 DRAW -25.571878146836205
6 6 28 DRAW -25.571878146836205
6 6 30 DRAW -25.571878146836205
6 6 32 DRAW -27.28619522684803
6 6 33 DRAW -25.57187814683621
6 6 34 RESET -27.28619522684803
6 6 35 DRAW -25.571878146836205
6 6 36 DRAW -25.57187814683621
6 6 38 DRAW -25.571878146836205
6 6 40 RESET -27.28619522684803
6 6 41 DRAW -25.571878146836205
6 6 42 DRAW -27.28619522684803
6 6 43 DRAW -25.571878146836205
6 6 44 DRAW -25.571878146836205
6 6 46 DRAW -25.571878146836205
6 6 48 DRAW -27.28619522684803
6 6 49 DRAW -25.571878146836205
6 6 50 DRAW -27.28619522684803
6 6 51 DRAW -25.571878146836205
6 6 52 DRAW -25.571878146836205
6 6 54 DRAW -25.571878146836205
6 6 56 DRAW -27.28619522684803
6 6 57 DRAW -25.571878146836205
6 6 58 DRAW -27.28619522684803
6 6 59 DRAW -25.57187814683621
6 6 60 DRAW -25.571878146836205
6 6 62 DRAW -25.57187814683621
